;Cohen;Braun-Banquet;Simple Matching;Kulcynski2;Barinel;Arithmetic Mean;Mountford;Zoltar;Ochiai;Phi;Op2;Russel Rao;Baroni-Urbani & Buser;Pierce;Ochiai2;Rogers & Tanimoto;DStar;Tarantula;;Num PCs;Sat;NonSat;Und;Percent-Und
HMapRootElementRule--('ADD_CLASS', 'Listen', False, 1) - IF(MM5): THEN(MM5_then);0.11764705882352941;0.11764705882352941;0.5294117647058824;0.11764705882352941;0.17647058823529413;0.11764705882352941;0.11764705882352941;0.11764705882352941;0.11764705882352941;0.11764705882352941;0.11764705882352941;0.11764705882352941;0.29411764705882354;1.0;0.11764705882352941;0.5294117647058824;0.11764705882352941;0.11764705882352941; ;556;549;7;0;=0* 100 / 556
HMapRootElementRule--('ADD_CLASS', 'LocalDef', False, 1) - IF(MM7): THEN(MM7_then);0.11764705882352941;0.11764705882352941;0.5294117647058824;0.11764705882352941;0.17647058823529413;0.11764705882352941;0.11764705882352941;0.11764705882352941;0.11764705882352941;0.11764705882352941;0.11764705882352941;0.11764705882352941;0.29411764705882354;1.0;0.11764705882352941;0.5294117647058824;0.11764705882352941;0.11764705882352941; ;556;549;7;0;=0* 100 / 556
HMapRootElementRule--('ADD_CLASS', 'New', False, 1) - IF(MM6): THEN(MM6_then);0.11764705882352941;0.11764705882352941;0.5294117647058824;0.11764705882352941;0.17647058823529413;0.11764705882352941;0.11764705882352941;0.11764705882352941;0.11764705882352941;0.11764705882352941;0.11764705882352941;0.11764705882352941;0.29411764705882354;1.0;0.11764705882352941;0.5294117647058824;0.11764705882352941;0.11764705882352941; ;556;549;7;0;=0* 100 / 556
HMapRootElementRule--('ADD_CLASS', 'Par', False, 1) - IF(MM11): THEN(MM11_then);0.11764705882352941;0.11764705882352941;0.5294117647058824;0.11764705882352941;0.17647058823529413;0.11764705882352941;0.11764705882352941;0.11764705882352941;0.11764705882352941;0.11764705882352941;0.11764705882352941;0.11764705882352941;0.29411764705882354;1.0;0.11764705882352941;0.5294117647058824;0.11764705882352941;0.11764705882352941; ;556;549;7;0;=0* 100 / 556
HMapRootElementRule--('ADD_CLASS', 'Seq', False, 1) - IF(MM11): THEN(MM11_then);0.11764705882352941;0.11764705882352941;0.5294117647058824;0.11764705882352941;0.17647058823529413;0.11764705882352941;0.11764705882352941;0.11764705882352941;0.11764705882352941;0.11764705882352941;0.11764705882352941;0.11764705882352941;0.29411764705882354;1.0;0.11764705882352941;0.5294117647058824;0.11764705882352941;0.11764705882352941; ;556;549;7;0;=0* 100 / 556
HBasicState2ProcDef--('DELETE_ELEMENT', 6) - IF(MM5): THEN(MM5_then);0.6470588235294118;0.5882352941176471;0.9411764705882353;0.29411764705882354;0.6470588235294118;0.6470588235294118;0.29411764705882354;0.29411764705882354;0.29411764705882354;0.6470588235294118;0.29411764705882354;0.29411764705882354;0.8235294117647058;1.0;1.0;0.9411764705882353;0.29411764705882354;0.5882352941176471; ;557;372;177;8;=8* 100 / 557
HBasicState2ProcDef--('DELETE_ELEMENT', 9) - IF(MM5): THEN(MM5_then);0.6470588235294118;0.5882352941176471;0.9411764705882353;0.29411764705882354;0.6470588235294118;0.6470588235294118;0.29411764705882354;0.29411764705882354;0.29411764705882354;0.6470588235294118;0.29411764705882354;0.29411764705882354;0.8235294117647058;1.0;1.0;0.9411764705882353;0.29411764705882354;0.5882352941176471; ;557;372;177;8;=8* 100 / 557
HBasicState2ProcDef--('RENAME_CLASS', 6, 'TopLevelElement') - IF(MM5): THEN(MM5_then);0.6470588235294118;0.5882352941176471;0.9411764705882353;0.29411764705882354;0.6470588235294118;0.6470588235294118;0.29411764705882354;0.29411764705882354;0.29411764705882354;0.6470588235294118;0.29411764705882354;0.29411764705882354;0.8235294117647058;1.0;1.0;0.9411764705882353;0.29411764705882354;0.5882352941176471; ;565;372;185;8;=8* 100 / 565
HCompositeState2ProcDef--('DELETE_ELEMENT', 11) - IF(MM11): THEN(MM11_then);0.6470588235294118;0.5882352941176471;0.9411764705882353;0.35294117647058826;0.6470588235294118;0.6470588235294118;0.35294117647058826;0.35294117647058826;0.35294117647058826;0.6470588235294118;0.35294117647058826;0.35294117647058826;0.8235294117647058;1.0;1.0;0.9411764705882353;0.35294117647058826;0.5882352941176471; ;545;323;121;101;=101* 100 / 545
HCompositeState2ProcDef--('DELETE_ELEMENT', 12) - IF(MM11): THEN(MM11_then);0.47058823529411764;0.4117647058823529;0.9411764705882353;0.35294117647058826;0.47058823529411764;0.47058823529411764;0.35294117647058826;0.35294117647058826;0.35294117647058826;0.47058823529411764;0.35294117647058826;0.35294117647058826;0.7647058823529411;1.0;1.0;0.9411764705882353;0.35294117647058826;0.4117647058823529; ;563;460;95;8;=8* 100 / 563
HCompositeState2ProcDef--('DELETE_ELEMENT', 13) - IF(MM11): THEN(MM11_then);0.47058823529411764;0.4117647058823529;0.9411764705882353;0.35294117647058826;0.47058823529411764;0.47058823529411764;0.35294117647058826;0.35294117647058826;0.35294117647058826;0.47058823529411764;0.35294117647058826;0.35294117647058826;0.7647058823529411;1.0;1.0;0.9411764705882353;0.35294117647058826;0.4117647058823529; ;563;460;95;8;=8* 100 / 563
HCompositeState2ProcDef--('DELETE_ELEMENT', 28) - IF(MM11): THEN(MM11_then);0.47058823529411764;0.4117647058823529;0.9411764705882353;0.35294117647058826;0.47058823529411764;0.47058823529411764;0.35294117647058826;0.35294117647058826;0.35294117647058826;0.47058823529411764;0.35294117647058826;0.35294117647058826;0.7647058823529411;1.0;1.0;0.9411764705882353;0.35294117647058826;0.4117647058823529; ;557;454;95;8;=8* 100 / 557
HCompositeState2ProcDef--('DELETE_ELEMENT', 29) - IF(MM11): THEN(MM11_then);0.47058823529411764;0.4117647058823529;0.9411764705882353;0.35294117647058826;0.47058823529411764;0.47058823529411764;0.35294117647058826;0.35294117647058826;0.35294117647058826;0.47058823529411764;0.35294117647058826;0.35294117647058826;0.7647058823529411;1.0;1.0;0.9411764705882353;0.35294117647058826;0.4117647058823529; ;557;454;95;8;=8* 100 / 557
HCompositeState2ProcDef--('RENAME_CLASS', 11, 'Proc') - IF(MM11): THEN(MM11_then);0.4117647058823529;0.35294117647058826;0.8235294117647058;0.35294117647058826;0.4117647058823529;0.4117647058823529;0.35294117647058826;0.35294117647058826;0.35294117647058826;0.4117647058823529;0.35294117647058826;0.35294117647058826;0.7647058823529411;1.0;1.0;0.8235294117647058;0.35294117647058826;0.35294117647058826; ;565;323;139;103;=103* 100 / 565
HCompositeState2ProcDef--('RENAME_CLASS', 11, 'TopLevelElement') - IF(MM11): THEN(MM11_then);0.4117647058823529;0.35294117647058826;0.8235294117647058;0.35294117647058826;0.4117647058823529;0.4117647058823529;0.35294117647058826;0.35294117647058826;0.35294117647058826;0.4117647058823529;0.35294117647058826;0.35294117647058826;0.7647058823529411;1.0;1.0;0.8235294117647058;0.35294117647058826;0.35294117647058826; ;565;323;139;103;=103* 100 / 565
HCompositeState2ProcDef--('RENAME_CLASS', 12, 'TopLevelElement') - IF(MM11): THEN(MM11_then);0.47058823529411764;0.4117647058823529;0.9411764705882353;0.35294117647058826;0.47058823529411764;0.47058823529411764;0.35294117647058826;0.35294117647058826;0.35294117647058826;0.47058823529411764;0.35294117647058826;0.35294117647058826;0.7647058823529411;1.0;1.0;0.9411764705882353;0.35294117647058826;0.4117647058823529; ;565;462;95;8;=8* 100 / 565
HCompositeState2ProcDef--('RENAME_CLASS', 13, 'TopLevelElement') - IF(MM11): THEN(MM11_then);0.47058823529411764;0.4117647058823529;0.9411764705882353;0.35294117647058826;0.47058823529411764;0.47058823529411764;0.35294117647058826;0.35294117647058826;0.35294117647058826;0.47058823529411764;0.35294117647058826;0.35294117647058826;0.7647058823529411;1.0;1.0;0.9411764705882353;0.35294117647058826;0.4117647058823529; ;565;462;95;8;=8* 100 / 565
HCompositeState2ProcDef--('RENAME_ASSOC', 28, 'else') - IF(MM11): THEN(MM11_then);0.47058823529411764;0.4117647058823529;0.9411764705882353;0.35294117647058826;0.47058823529411764;0.47058823529411764;0.35294117647058826;0.35294117647058826;0.35294117647058826;0.47058823529411764;0.35294117647058826;0.35294117647058826;0.7647058823529411;1.0;1.0;0.9411764705882353;0.35294117647058826;0.4117647058823529; ;557;454;95;8;=8* 100 / 557
HCompositeState2ProcDef--('RENAME_ASSOC', 28, 'then') - IF(MM11): THEN(MM11_then);0.47058823529411764;0.4117647058823529;0.9411764705882353;0.35294117647058826;0.47058823529411764;0.47058823529411764;0.35294117647058826;0.35294117647058826;0.35294117647058826;0.47058823529411764;0.35294117647058826;0.35294117647058826;0.7647058823529411;1.0;1.0;0.9411764705882353;0.35294117647058826;0.4117647058823529; ;557;454;95;8;=8* 100 / 557
HCompositeState2ProcDef--('RENAME_ASSOC', 28, 'then') - IF(MM11): THEN(MM11_then);0.47058823529411764;0.4117647058823529;0.9411764705882353;0.35294117647058826;0.47058823529411764;0.47058823529411764;0.35294117647058826;0.35294117647058826;0.35294117647058826;0.47058823529411764;0.35294117647058826;0.35294117647058826;0.7647058823529411;1.0;1.0;0.9411764705882353;0.35294117647058826;0.4117647058823529; ;557;454;95;8;=8* 100 / 557
HCompositeState2ProcDef--('RENAME_ASSOC', 28, 'alternative') - IF(MM11): THEN(MM11_then);0.47058823529411764;0.4117647058823529;0.9411764705882353;0.35294117647058826;0.47058823529411764;0.47058823529411764;0.35294117647058826;0.35294117647058826;0.35294117647058826;0.47058823529411764;0.35294117647058826;0.35294117647058826;0.7647058823529411;1.0;1.0;0.9411764705882353;0.35294117647058826;0.4117647058823529; ;551;448;95;8;=8* 100 / 551
HCompositeState2ProcDef--('RENAME_ASSOC', 28, 'proc') - IF(MM11): THEN(MM11_then);0.47058823529411764;0.4117647058823529;0.9411764705882353;0.35294117647058826;0.47058823529411764;0.47058823529411764;0.35294117647058826;0.35294117647058826;0.35294117647058826;0.47058823529411764;0.35294117647058826;0.35294117647058826;0.7647058823529411;1.0;1.0;0.9411764705882353;0.35294117647058826;0.4117647058823529; ;557;454;95;8;=8* 100 / 557
HCompositeState2ProcDef--('RENAME_ASSOC', 28, 'match') - IF(MM11): THEN(MM11_then);0.47058823529411764;0.4117647058823529;0.9411764705882353;0.35294117647058826;0.47058823529411764;0.47058823529411764;0.35294117647058826;0.35294117647058826;0.35294117647058826;0.47058823529411764;0.35294117647058826;0.35294117647058826;0.7647058823529411;1.0;1.0;0.9411764705882353;0.35294117647058826;0.4117647058823529; ;557;454;95;8;=8* 100 / 557
HCompositeState2ProcDef--('RENAME_ASSOC', 28, 'f') - IF(MM11): THEN(MM11_then);0.47058823529411764;0.4117647058823529;0.9411764705882353;0.35294117647058826;0.47058823529411764;0.47058823529411764;0.35294117647058826;0.35294117647058826;0.35294117647058826;0.47058823529411764;0.35294117647058826;0.35294117647058826;0.7647058823529411;1.0;1.0;0.9411764705882353;0.35294117647058826;0.4117647058823529; ;557;454;95;8;=8* 100 / 557
HCompositeState2ProcDef--('RENAME_ASSOC', 29, 'else') - IF(MM11): THEN(MM11_then);0.47058823529411764;0.4117647058823529;0.9411764705882353;0.35294117647058826;0.47058823529411764;0.47058823529411764;0.35294117647058826;0.35294117647058826;0.35294117647058826;0.47058823529411764;0.35294117647058826;0.35294117647058826;0.7647058823529411;1.0;1.0;0.9411764705882353;0.35294117647058826;0.4117647058823529; ;557;454;95;8;=8* 100 / 557
HCompositeState2ProcDef--('RENAME_ASSOC', 29, 'then') - IF(MM11): THEN(MM11_then);0.47058823529411764;0.4117647058823529;0.9411764705882353;0.35294117647058826;0.47058823529411764;0.47058823529411764;0.35294117647058826;0.35294117647058826;0.35294117647058826;0.47058823529411764;0.35294117647058826;0.35294117647058826;0.7647058823529411;1.0;1.0;0.9411764705882353;0.35294117647058826;0.4117647058823529; ;557;454;95;8;=8* 100 / 557
HCompositeState2ProcDef--('RENAME_ASSOC', 29, 'then') - IF(MM11): THEN(MM11_then);0.47058823529411764;0.4117647058823529;0.9411764705882353;0.35294117647058826;0.47058823529411764;0.47058823529411764;0.35294117647058826;0.35294117647058826;0.35294117647058826;0.47058823529411764;0.35294117647058826;0.35294117647058826;0.7647058823529411;1.0;1.0;0.9411764705882353;0.35294117647058826;0.4117647058823529; ;557;454;95;8;=8* 100 / 557
HCompositeState2ProcDef--('RENAME_ASSOC', 29, 'alternative') - IF(MM11): THEN(MM11_then);0.47058823529411764;0.4117647058823529;0.9411764705882353;0.35294117647058826;0.47058823529411764;0.47058823529411764;0.35294117647058826;0.35294117647058826;0.35294117647058826;0.47058823529411764;0.35294117647058826;0.35294117647058826;0.7647058823529411;1.0;1.0;0.9411764705882353;0.35294117647058826;0.4117647058823529; ;551;448;95;8;=8* 100 / 551
HCompositeState2ProcDef--('RENAME_ASSOC', 29, 'proc') - IF(MM11): THEN(MM11_then);0.47058823529411764;0.4117647058823529;0.9411764705882353;0.35294117647058826;0.47058823529411764;0.47058823529411764;0.35294117647058826;0.35294117647058826;0.35294117647058826;0.47058823529411764;0.35294117647058826;0.35294117647058826;0.7647058823529411;1.0;1.0;0.9411764705882353;0.35294117647058826;0.4117647058823529; ;557;454;95;8;=8* 100 / 557
HCompositeState2ProcDef--('RENAME_ASSOC', 29, 'match') - IF(MM11): THEN(MM11_then);0.47058823529411764;0.4117647058823529;0.9411764705882353;0.35294117647058826;0.47058823529411764;0.47058823529411764;0.35294117647058826;0.35294117647058826;0.35294117647058826;0.47058823529411764;0.35294117647058826;0.35294117647058826;0.7647058823529411;1.0;1.0;0.9411764705882353;0.35294117647058826;0.4117647058823529; ;557;454;95;8;=8* 100 / 557
HCompositeState2ProcDef--('RENAME_ASSOC', 29, 'f') - IF(MM11): THEN(MM11_then);0.47058823529411764;0.4117647058823529;0.9411764705882353;0.35294117647058826;0.47058823529411764;0.47058823529411764;0.35294117647058826;0.35294117647058826;0.35294117647058826;0.47058823529411764;0.35294117647058826;0.35294117647058826;0.7647058823529411;1.0;1.0;0.9411764705882353;0.35294117647058826;0.4117647058823529; ;557;454;95;8;=8* 100 / 557
HExitPoint2BProcDefWhetherOrNotExitPtHasOutgoingTrans--('DELETE_ELEMENT', 3) - IF(MM11): THEN(MM11_then);0.17647058823529413;0.17647058823529413;0.5882352941176471;0.17647058823529413;0.23529411764705882;0.17647058823529413;0.17647058823529413;0.17647058823529413;0.17647058823529413;0.17647058823529413;0.17647058823529413;0.17647058823529413;0.35294117647058826;1.0;0.17647058823529413;0.5882352941176471;0.17647058823529413;0.17647058823529413; ;451;436;7;8;=8* 100 / 451
HExitPoint2BProcDefWhetherOrNotExitPtHasOutgoingTrans--('DELETE_ELEMENT', 6) - IF(MM7): THEN(MM7_then);0.058823529411764705;0.11764705882352941;0.17647058823529413;0.058823529411764705;0.17647058823529413;0.058823529411764705;0.058823529411764705;0.058823529411764705;0.058823529411764705;0.058823529411764705;0.058823529411764705;0.47058823529411764;0.058823529411764705;1.0;0.058823529411764705;0.17647058823529413;0.058823529411764705;0.11764705882352941; ;287;237;42;8;=8* 100 / 287
HExitPoint2BProcDefWhetherOrNotExitPtHasOutgoingTrans--('DELETE_ELEMENT', 9) - PP3;1.0;0.47058823529411764;0.47058823529411764;0.47058823529411764;1.0;1.0;0.47058823529411764;0.47058823529411764;0.47058823529411764;1.0;0.47058823529411764;0.47058823529411764;0.47058823529411764;1.0;1.0;0.47058823529411764;0.9411764705882353;0.9411764705882353; ;557;0;108;449;=449* 100 / 557
HExitPoint2BProcDefWhetherOrNotExitPtHasOutgoingTrans--('DELETE_ELEMENT', 9) - PP4;1.0;0.47058823529411764;0.47058823529411764;0.47058823529411764;1.0;1.0;0.47058823529411764;0.47058823529411764;0.47058823529411764;1.0;0.47058823529411764;0.47058823529411764;0.47058823529411764;1.0;1.0;0.47058823529411764;0.9411764705882353;0.9411764705882353; ;557;0;108;449;=449* 100 / 557
HExitPoint2BProcDefWhetherOrNotExitPtHasOutgoingTrans--('DELETE_ELEMENT', 14) - PP3;1.0;0.47058823529411764;0.47058823529411764;0.47058823529411764;1.0;1.0;0.47058823529411764;0.47058823529411764;0.47058823529411764;1.0;0.47058823529411764;0.47058823529411764;0.47058823529411764;1.0;1.0;0.47058823529411764;0.9411764705882353;0.9411764705882353; ;557;0;108;449;=449* 100 / 557
HExitPoint2BProcDefWhetherOrNotExitPtHasOutgoingTrans--('DELETE_ELEMENT', 14) - PP4;1.0;0.47058823529411764;0.47058823529411764;0.47058823529411764;1.0;1.0;0.47058823529411764;0.47058823529411764;0.47058823529411764;1.0;0.47058823529411764;0.47058823529411764;0.47058823529411764;1.0;1.0;0.47058823529411764;0.9411764705882353;0.9411764705882353; ;557;0;108;449;=449* 100 / 557
HExitPoint2BProcDefWhetherOrNotExitPtHasOutgoingTrans--('DELETE_ELEMENT', 15) - IF(MM11): THEN(MM11_then);0.17647058823529413;0.17647058823529413;0.6470588235294118;0.17647058823529413;0.17647058823529413;0.17647058823529413;0.17647058823529413;0.17647058823529413;0.17647058823529413;0.17647058823529413;0.17647058823529413;0.17647058823529413;0.35294117647058826;1.0;0.17647058823529413;0.6470588235294118;0.17647058823529413;0.17647058823529413; ;571;556;7;8;=8* 100 / 571
HExitPoint2BProcDefWhetherOrNotExitPtHasOutgoingTrans--('DELETE_EQUATION', 2) - PP3;1.0;0.47058823529411764;0.47058823529411764;0.47058823529411764;1.0;1.0;0.47058823529411764;0.47058823529411764;0.47058823529411764;1.0;0.47058823529411764;0.47058823529411764;0.47058823529411764;1.0;1.0;0.47058823529411764;0.9411764705882353;0.9411764705882353; ;557;0;108;449;=449* 100 / 557
HExitPoint2BProcDefWhetherOrNotExitPtHasOutgoingTrans--('DELETE_EQUATION', 2) - PP4;1.0;0.47058823529411764;0.47058823529411764;0.47058823529411764;1.0;1.0;0.47058823529411764;0.47058823529411764;0.47058823529411764;1.0;0.47058823529411764;0.47058823529411764;0.47058823529411764;1.0;1.0;0.47058823529411764;0.9411764705882353;0.9411764705882353; ;557;0;108;449;=449* 100 / 557
HExitPoint2BProcDefWhetherOrNotExitPtHasOutgoingTrans--('RENAME_CLASS', 9, 'Element') - PP3;1.0;0.47058823529411764;0.47058823529411764;0.47058823529411764;1.0;1.0;0.47058823529411764;0.47058823529411764;0.47058823529411764;1.0;0.47058823529411764;0.47058823529411764;0.47058823529411764;1.0;1.0;0.47058823529411764;0.9411764705882353;0.9411764705882353; ;557;0;108;449;=449* 100 / 557
HExitPoint2BProcDefWhetherOrNotExitPtHasOutgoingTrans--('RENAME_CLASS', 9, 'Element') - PP4;1.0;0.47058823529411764;0.47058823529411764;0.47058823529411764;1.0;1.0;0.47058823529411764;0.47058823529411764;0.47058823529411764;1.0;0.47058823529411764;0.47058823529411764;0.47058823529411764;1.0;1.0;0.47058823529411764;0.9411764705882353;0.9411764705882353; ;557;0;108;449;=449* 100 / 557
HExitPoint2BProcDefWhetherOrNotExitPtHasOutgoingTrans--('RENAME_CLASS', 9, 'TopLevelElement') - PP3;1.0;0.47058823529411764;0.47058823529411764;0.47058823529411764;1.0;1.0;0.47058823529411764;0.47058823529411764;0.47058823529411764;1.0;0.47058823529411764;0.47058823529411764;0.47058823529411764;1.0;1.0;0.47058823529411764;0.9411764705882353;0.9411764705882353; ;565;0;108;457;=457* 100 / 565
HExitPoint2BProcDefWhetherOrNotExitPtHasOutgoingTrans--('RENAME_CLASS', 9, 'TopLevelElement') - PP4;1.0;0.47058823529411764;0.47058823529411764;0.47058823529411764;1.0;1.0;0.47058823529411764;0.47058823529411764;0.47058823529411764;1.0;0.47058823529411764;0.47058823529411764;0.47058823529411764;1.0;1.0;0.47058823529411764;0.9411764705882353;0.9411764705882353; ;565;0;108;457;=457* 100 / 565
HExitPoint2BProcDefWhetherOrNotExitPtHasOutgoingTrans--('RENAME_CLASS', 9, 'TopLevelElement') - PP3;1.0;0.47058823529411764;0.47058823529411764;0.47058823529411764;1.0;1.0;0.47058823529411764;0.47058823529411764;0.47058823529411764;1.0;0.47058823529411764;0.47058823529411764;0.47058823529411764;1.0;1.0;0.47058823529411764;0.9411764705882353;0.9411764705882353; ;565;0;108;457;=457* 100 / 565
HExitPoint2BProcDefWhetherOrNotExitPtHasOutgoingTrans--('RENAME_CLASS', 9, 'TopLevelElement') - PP4;1.0;0.47058823529411764;0.47058823529411764;0.47058823529411764;1.0;1.0;0.47058823529411764;0.47058823529411764;0.47058823529411764;1.0;0.47058823529411764;0.47058823529411764;0.47058823529411764;1.0;1.0;0.47058823529411764;0.9411764705882353;0.9411764705882353; ;565;0;108;457;=457* 100 / 565
HExitPoint2BProcDefWhetherOrNotExitPtHasOutgoingTrans--('RENAME_ASSOC', 14, 'else') - PP3;1.0;0.47058823529411764;0.47058823529411764;0.47058823529411764;1.0;1.0;0.47058823529411764;0.47058823529411764;0.47058823529411764;1.0;0.47058823529411764;0.47058823529411764;0.47058823529411764;1.0;1.0;0.47058823529411764;0.9411764705882353;0.9411764705882353; ;557;0;108;449;=449* 100 / 557
HExitPoint2BProcDefWhetherOrNotExitPtHasOutgoingTrans--('RENAME_ASSOC', 14, 'else') - PP4;1.0;0.47058823529411764;0.47058823529411764;0.47058823529411764;1.0;1.0;0.47058823529411764;0.47058823529411764;0.47058823529411764;1.0;0.47058823529411764;0.47058823529411764;0.47058823529411764;1.0;1.0;0.47058823529411764;0.9411764705882353;0.9411764705882353; ;557;0;108;449;=449* 100 / 557
HExitPoint2BProcDefWhetherOrNotExitPtHasOutgoingTrans--('RENAME_ASSOC', 14, 'then') - PP3;1.0;0.47058823529411764;0.47058823529411764;0.47058823529411764;1.0;1.0;0.47058823529411764;0.47058823529411764;0.47058823529411764;1.0;0.47058823529411764;0.47058823529411764;0.47058823529411764;1.0;1.0;0.47058823529411764;0.9411764705882353;0.9411764705882353; ;557;0;108;449;=449* 100 / 557
HExitPoint2BProcDefWhetherOrNotExitPtHasOutgoingTrans--('RENAME_ASSOC', 14, 'then') - PP4;1.0;0.47058823529411764;0.47058823529411764;0.47058823529411764;1.0;1.0;0.47058823529411764;0.47058823529411764;0.47058823529411764;1.0;0.47058823529411764;0.47058823529411764;0.47058823529411764;1.0;1.0;0.47058823529411764;0.9411764705882353;0.9411764705882353; ;557;0;108;449;=449* 100 / 557
HExitPoint2BProcDefWhetherOrNotExitPtHasOutgoingTrans--('RENAME_ASSOC', 14, 'then') - PP3;1.0;0.47058823529411764;0.47058823529411764;0.47058823529411764;1.0;1.0;0.47058823529411764;0.47058823529411764;0.47058823529411764;1.0;0.47058823529411764;0.47058823529411764;0.47058823529411764;1.0;1.0;0.47058823529411764;0.9411764705882353;0.9411764705882353; ;557;0;108;449;=449* 100 / 557
HExitPoint2BProcDefWhetherOrNotExitPtHasOutgoingTrans--('RENAME_ASSOC', 14, 'then') - PP4;1.0;0.47058823529411764;0.47058823529411764;0.47058823529411764;1.0;1.0;0.47058823529411764;0.47058823529411764;0.47058823529411764;1.0;0.47058823529411764;0.47058823529411764;0.47058823529411764;1.0;1.0;0.47058823529411764;0.9411764705882353;0.9411764705882353; ;557;0;108;449;=449* 100 / 557
HExitPoint2BProcDefWhetherOrNotExitPtHasOutgoingTrans--('RENAME_ASSOC', 14, 'alternative') - PP3;1.0;0.47058823529411764;0.47058823529411764;0.47058823529411764;1.0;1.0;0.47058823529411764;0.47058823529411764;0.47058823529411764;1.0;0.47058823529411764;0.47058823529411764;0.47058823529411764;1.0;1.0;0.47058823529411764;0.9411764705882353;0.9411764705882353; ;557;0;108;449;=449* 100 / 557
HExitPoint2BProcDefWhetherOrNotExitPtHasOutgoingTrans--('RENAME_ASSOC', 14, 'alternative') - PP4;1.0;0.47058823529411764;0.47058823529411764;0.47058823529411764;1.0;1.0;0.47058823529411764;0.47058823529411764;0.47058823529411764;1.0;0.47058823529411764;0.47058823529411764;0.47058823529411764;1.0;1.0;0.47058823529411764;0.9411764705882353;0.9411764705882353; ;557;0;108;449;=449* 100 / 557
HExitPoint2BProcDefWhetherOrNotExitPtHasOutgoingTrans--('RENAME_ASSOC', 14, 'proc') - PP3;1.0;0.47058823529411764;0.47058823529411764;0.47058823529411764;1.0;1.0;0.47058823529411764;0.47058823529411764;0.47058823529411764;1.0;0.47058823529411764;0.47058823529411764;0.47058823529411764;1.0;1.0;0.47058823529411764;0.9411764705882353;0.9411764705882353; ;557;0;108;449;=449* 100 / 557
HExitPoint2BProcDefWhetherOrNotExitPtHasOutgoingTrans--('RENAME_ASSOC', 14, 'proc') - PP4;1.0;0.47058823529411764;0.47058823529411764;0.47058823529411764;1.0;1.0;0.47058823529411764;0.47058823529411764;0.47058823529411764;1.0;0.47058823529411764;0.47058823529411764;0.47058823529411764;1.0;1.0;0.47058823529411764;0.9411764705882353;0.9411764705882353; ;557;0;108;449;=449* 100 / 557
HExitPoint2BProcDefWhetherOrNotExitPtHasOutgoingTrans--('RENAME_ASSOC', 14, 'match') - PP3;1.0;0.47058823529411764;0.47058823529411764;0.47058823529411764;1.0;1.0;0.47058823529411764;0.47058823529411764;0.47058823529411764;1.0;0.47058823529411764;0.47058823529411764;0.47058823529411764;1.0;1.0;0.47058823529411764;0.9411764705882353;0.9411764705882353; ;557;0;108;449;=449* 100 / 557
HExitPoint2BProcDefWhetherOrNotExitPtHasOutgoingTrans--('RENAME_ASSOC', 14, 'match') - PP4;1.0;0.47058823529411764;0.47058823529411764;0.47058823529411764;1.0;1.0;0.47058823529411764;0.47058823529411764;0.47058823529411764;1.0;0.47058823529411764;0.47058823529411764;0.47058823529411764;1.0;1.0;0.47058823529411764;0.9411764705882353;0.9411764705882353; ;557;0;108;449;=449* 100 / 557
HExitPoint2BProcDefWhetherOrNotExitPtHasOutgoingTrans--('RENAME_ASSOC', 14, 'f') - PP3;1.0;0.47058823529411764;0.47058823529411764;0.47058823529411764;1.0;1.0;0.47058823529411764;0.47058823529411764;0.47058823529411764;1.0;0.47058823529411764;0.47058823529411764;0.47058823529411764;1.0;1.0;0.47058823529411764;0.9411764705882353;0.9411764705882353; ;557;0;108;449;=449* 100 / 557
HExitPoint2BProcDefWhetherOrNotExitPtHasOutgoingTrans--('RENAME_ASSOC', 14, 'f') - PP4;1.0;0.47058823529411764;0.47058823529411764;0.47058823529411764;1.0;1.0;0.47058823529411764;0.47058823529411764;0.47058823529411764;1.0;0.47058823529411764;0.47058823529411764;0.47058823529411764;1.0;1.0;0.47058823529411764;0.9411764705882353;0.9411764705882353; ;557;0;108;449;=449* 100 / 557
HState2CProcDef--('DELETE_ELEMENT', 8) - IF(MM7): THEN(MM7_then);0.058823529411764705;0.11764705882352941;0.17647058823529413;0.058823529411764705;0.17647058823529413;0.058823529411764705;0.058823529411764705;0.058823529411764705;0.058823529411764705;0.058823529411764705;0.058823529411764705;0.47058823529411764;0.058823529411764705;1.0;0.058823529411764705;0.17647058823529413;0.058823529411764705;0.058823529411764705; ;269;214;47;8;=8* 100 / 269
HTransition2Inst--('ADD_CLASS', 'Listen', False, 1) - IF(MM5): THEN(MM5_then);0.11764705882352941;0.11764705882352941;0.35294117647058826;0.11764705882352941;0.17647058823529413;0.11764705882352941;0.11764705882352941;0.11764705882352941;0.11764705882352941;0.11764705882352941;0.11764705882352941;0.17647058823529413;0.11764705882352941;1.0;0.11764705882352941;0.35294117647058826;0.11764705882352941;0.11764705882352941; ;557;549;4;4;=4* 100 / 557
HTransition2Inst--('ADD_CLASS', 'LocalDef', False, 1) - IF(MM7): THEN(MM7_then);0.11764705882352941;0.11764705882352941;0.35294117647058826;0.11764705882352941;0.17647058823529413;0.11764705882352941;0.11764705882352941;0.11764705882352941;0.11764705882352941;0.11764705882352941;0.11764705882352941;0.17647058823529413;0.11764705882352941;1.0;0.11764705882352941;0.35294117647058826;0.11764705882352941;0.11764705882352941; ;557;549;4;4;=4* 100 / 557
HTransition2Inst--('ADD_CLASS', 'New', False, 1) - IF(MM6): THEN(MM6_then);0.11764705882352941;0.11764705882352941;0.35294117647058826;0.11764705882352941;0.17647058823529413;0.11764705882352941;0.11764705882352941;0.11764705882352941;0.11764705882352941;0.11764705882352941;0.11764705882352941;0.17647058823529413;0.11764705882352941;1.0;0.11764705882352941;0.35294117647058826;0.11764705882352941;0.11764705882352941; ;557;549;4;4;=4* 100 / 557
HTransition2Inst--('ADD_CLASS', 'Par', False, 1) - IF(MM11): THEN(MM11_then);0.11764705882352941;0.11764705882352941;0.35294117647058826;0.11764705882352941;0.17647058823529413;0.11764705882352941;0.11764705882352941;0.11764705882352941;0.11764705882352941;0.11764705882352941;0.11764705882352941;0.17647058823529413;0.11764705882352941;1.0;0.11764705882352941;0.35294117647058826;0.11764705882352941;0.11764705882352941; ;557;549;4;4;=4* 100 / 557
HTransition2Inst--('ADD_CLASS', 'Seq', False, 1) - IF(MM11): THEN(MM11_then);0.11764705882352941;0.11764705882352941;0.35294117647058826;0.11764705882352941;0.17647058823529413;0.11764705882352941;0.11764705882352941;0.11764705882352941;0.11764705882352941;0.11764705882352941;0.11764705882352941;0.17647058823529413;0.11764705882352941;1.0;0.11764705882352941;0.35294117647058826;0.11764705882352941;0.11764705882352941; ;557;549;4;4;=4* 100 / 557
HTransition2QInstOUT--('ADD_CLASS', 'Listen', False, 1) - IF(MM5): THEN(MM5_then);0.11764705882352941;0.11764705882352941;0.35294117647058826;0.11764705882352941;0.17647058823529413;0.11764705882352941;0.11764705882352941;0.11764705882352941;0.11764705882352941;0.11764705882352941;0.11764705882352941;0.17647058823529413;0.11764705882352941;1.0;0.11764705882352941;0.35294117647058826;0.11764705882352941;0.11764705882352941; ;557;549;4;4;=4* 100 / 557
HTransition2QInstOUT--('ADD_CLASS', 'LocalDef', False, 1) - IF(MM7): THEN(MM7_then);0.11764705882352941;0.11764705882352941;0.35294117647058826;0.11764705882352941;0.17647058823529413;0.11764705882352941;0.11764705882352941;0.11764705882352941;0.11764705882352941;0.11764705882352941;0.11764705882352941;0.17647058823529413;0.11764705882352941;1.0;0.11764705882352941;0.35294117647058826;0.11764705882352941;0.11764705882352941; ;557;549;4;4;=4* 100 / 557
HTransition2QInstOUT--('ADD_CLASS', 'New', False, 1) - IF(MM6): THEN(MM6_then);0.11764705882352941;0.11764705882352941;0.35294117647058826;0.11764705882352941;0.17647058823529413;0.11764705882352941;0.11764705882352941;0.11764705882352941;0.11764705882352941;0.11764705882352941;0.11764705882352941;0.17647058823529413;0.11764705882352941;1.0;0.11764705882352941;0.35294117647058826;0.11764705882352941;0.11764705882352941; ;557;549;4;4;=4* 100 / 557
HTransition2QInstOUT--('ADD_CLASS', 'Par', False, 1) - IF(MM11): THEN(MM11_then);0.11764705882352941;0.11764705882352941;0.35294117647058826;0.11764705882352941;0.17647058823529413;0.11764705882352941;0.11764705882352941;0.11764705882352941;0.11764705882352941;0.11764705882352941;0.11764705882352941;0.17647058823529413;0.11764705882352941;1.0;0.11764705882352941;0.35294117647058826;0.11764705882352941;0.11764705882352941; ;557;549;4;4;=4* 100 / 557
HTransition2QInstOUT--('ADD_CLASS', 'Seq', False, 1) - IF(MM11): THEN(MM11_then);0.11764705882352941;0.11764705882352941;0.35294117647058826;0.11764705882352941;0.17647058823529413;0.11764705882352941;0.11764705882352941;0.11764705882352941;0.11764705882352941;0.11764705882352941;0.11764705882352941;0.17647058823529413;0.11764705882352941;1.0;0.11764705882352941;0.35294117647058826;0.11764705882352941;0.11764705882352941; ;557;549;4;4;=4* 100 / 557
HTransition2QInstOUT--('DELETE_ELEMENT', 8) - PP4;0.7647058823529411;0.7058823529411765;1.0;0.47058823529411764;0.7647058823529411;0.7647058823529411;0.47058823529411764;0.47058823529411764;0.47058823529411764;0.7647058823529411;0.47058823529411764;0.47058823529411764;0.7058823529411765;1.0;1.0;1.0;0.47058823529411764;0.7058823529411765; ;557;99;9;449;=449* 100 / 557
HTransition2QInstOUT--('RENAME_CLASS', 8, 'TopLevelElement') - PP4;0.7647058823529411;0.7058823529411765;1.0;0.47058823529411764;0.7647058823529411;0.7647058823529411;0.47058823529411764;0.47058823529411764;0.47058823529411764;0.7647058823529411;0.47058823529411764;0.47058823529411764;0.7058823529411765;1.0;1.0;1.0;0.47058823529411764;0.7058823529411765; ;571;99;9;463;=463* 100 / 571
HTransition2QInstSIBLING--('ADD_CLASS', 'Action', True, 0) - PP3;0.7058823529411765;0.6470588235294118;1.0;0.5294117647058824;0.7058823529411765;0.7058823529411765;0.5294117647058824;0.5294117647058824;0.5294117647058824;0.7058823529411765;0.5294117647058824;0.5294117647058824;0.7647058823529411;1.0;1.0;1.0;0.5294117647058824;0.6470588235294118; ;537;89;9;439;=439* 100 / 537
HTransition2QInstSIBLING--('ADD_CLASS', 'BASE0', True, 0) - PP3;0.7058823529411765;0.6470588235294118;1.0;0.5294117647058824;0.7058823529411765;0.7058823529411765;0.5294117647058824;0.5294117647058824;0.5294117647058824;0.7058823529411765;0.5294117647058824;0.5294117647058824;0.7647058823529411;1.0;1.0;1.0;0.5294117647058824;0.6470588235294118; ;537;89;9;439;=439* 100 / 537
HTransition2QInstSIBLING--('ADD_CLASS', 'CONJUGATE1', True, 0) - PP3;0.7058823529411765;0.6470588235294118;1.0;0.5294117647058824;0.7058823529411765;0.7058823529411765;0.5294117647058824;0.5294117647058824;0.5294117647058824;0.7058823529411765;0.5294117647058824;0.5294117647058824;0.7647058823529411;1.0;1.0;1.0;0.5294117647058824;0.6470588235294118; ;537;89;9;439;=439* 100 / 537
HTransition2QInstSIBLING--('ADD_CLASS', 'Capsule', True, 0) - PP3;0.7058823529411765;0.6470588235294118;1.0;0.5294117647058824;0.7058823529411765;0.7058823529411765;0.5294117647058824;0.5294117647058824;0.5294117647058824;0.7058823529411765;0.5294117647058824;0.5294117647058824;0.7647058823529411;1.0;1.0;1.0;0.5294117647058824;0.6470588235294118; ;537;89;9;439;=439* 100 / 537
HTransition2QInstSIBLING--('ADD_CLASS', 'CapsuleRole', True, 0) - PP3;0.7058823529411765;0.6470588235294118;1.0;0.5294117647058824;0.7058823529411765;0.7058823529411765;0.5294117647058824;0.5294117647058824;0.5294117647058824;0.7058823529411765;0.5294117647058824;0.5294117647058824;0.7647058823529411;1.0;1.0;1.0;0.5294117647058824;0.6470588235294118; ;537;89;9;439;=439* 100 / 537
HTransition2QInstSIBLING--('ADD_CLASS', 'Element', True, 0) - PP3;0.7058823529411765;0.6470588235294118;1.0;0.5294117647058824;0.7058823529411765;0.7058823529411765;0.5294117647058824;0.5294117647058824;0.5294117647058824;0.7058823529411765;0.5294117647058824;0.5294117647058824;0.7647058823529411;1.0;1.0;1.0;0.5294117647058824;0.6470588235294118; ;537;89;9;439;=439* 100 / 537
HTransition2QInstSIBLING--('ADD_CLASS', 'EntryPoint', True, 0) - PP3;0.7058823529411765;0.6470588235294118;1.0;0.5294117647058824;0.7058823529411765;0.7058823529411765;0.5294117647058824;0.5294117647058824;0.5294117647058824;0.7058823529411765;0.5294117647058824;0.5294117647058824;0.7647058823529411;1.0;1.0;1.0;0.5294117647058824;0.6470588235294118; ;537;89;9;439;=439* 100 / 537
HTransition2QInstSIBLING--('ADD_CLASS', 'ExitPoint', True, 0) - PP3;0.7058823529411765;0.6470588235294118;1.0;0.5294117647058824;0.7058823529411765;0.7058823529411765;0.5294117647058824;0.5294117647058824;0.5294117647058824;0.7058823529411765;0.5294117647058824;0.5294117647058824;0.7647058823529411;1.0;1.0;1.0;0.5294117647058824;0.6470588235294118; ;537;89;9;439;=439* 100 / 537
HTransition2QInstSIBLING--('ADD_CLASS', 'FIXED0', True, 0) - PP3;0.7058823529411765;0.6470588235294118;1.0;0.5294117647058824;0.7058823529411765;0.7058823529411765;0.5294117647058824;0.5294117647058824;0.5294117647058824;0.7058823529411765;0.5294117647058824;0.5294117647058824;0.7647058823529411;1.0;1.0;1.0;0.5294117647058824;0.6470588235294118; ;537;89;9;439;=439* 100 / 537
HTransition2QInstSIBLING--('ADD_CLASS', 'IN0', True, 0) - PP3;0.7058823529411765;0.6470588235294118;1.0;0.5294117647058824;0.7058823529411765;0.7058823529411765;0.5294117647058824;0.5294117647058824;0.5294117647058824;0.7058823529411765;0.5294117647058824;0.5294117647058824;0.7647058823529411;1.0;1.0;1.0;0.5294117647058824;0.6470588235294118; ;537;89;9;439;=439* 100 / 537
HTransition2QInstSIBLING--('ADD_CLASS', 'IN1', True, 0) - PP3;0.7058823529411765;0.6470588235294118;1.0;0.5294117647058824;0.7058823529411765;0.7058823529411765;0.5294117647058824;0.5294117647058824;0.5294117647058824;0.7058823529411765;0.5294117647058824;0.5294117647058824;0.7647058823529411;1.0;1.0;1.0;0.5294117647058824;0.6470588235294118; ;537;89;9;439;=439* 100 / 537
HTransition2QInstSIBLING--('ADD_CLASS', 'InitialPoint', True, 0) - PP3;0.7058823529411765;0.6470588235294118;1.0;0.5294117647058824;0.7058823529411765;0.7058823529411765;0.5294117647058824;0.5294117647058824;0.5294117647058824;0.7058823529411765;0.5294117647058824;0.5294117647058824;0.7647058823529411;1.0;1.0;1.0;0.5294117647058824;0.6470588235294118; ;537;89;9;439;=439* 100 / 537
HTransition2QInstSIBLING--('ADD_CLASS', 'LogicalThread', True, 0) - PP3;0.7058823529411765;0.6470588235294118;1.0;0.5294117647058824;0.7058823529411765;0.7058823529411765;0.5294117647058824;0.5294117647058824;0.5294117647058824;0.7058823529411765;0.5294117647058824;0.5294117647058824;0.7647058823529411;1.0;1.0;1.0;0.5294117647058824;0.6470588235294118; ;537;89;9;439;=439* 100 / 537
HTransition2QInstSIBLING--('ADD_CLASS', 'Model', True, 0) - PP3;0.7058823529411765;0.6470588235294118;1.0;0.5294117647058824;0.7058823529411765;0.7058823529411765;0.5294117647058824;0.5294117647058824;0.5294117647058824;0.7058823529411765;0.5294117647058824;0.5294117647058824;0.7647058823529411;1.0;1.0;1.0;0.5294117647058824;0.6470588235294118; ;537;89;9;439;=439* 100 / 537
HTransition2QInstSIBLING--('ADD_CLASS', 'OPTIONAL1', True, 0) - PP3;0.7058823529411765;0.6470588235294118;1.0;0.5294117647058824;0.7058823529411765;0.7058823529411765;0.5294117647058824;0.5294117647058824;0.5294117647058824;0.7058823529411765;0.5294117647058824;0.5294117647058824;0.7647058823529411;1.0;1.0;1.0;0.5294117647058824;0.6470588235294118; ;537;89;9;439;=439* 100 / 537
HTransition2QInstSIBLING--('ADD_CLASS', 'OUT1', True, 0) - PP3;0.7058823529411765;0.6470588235294118;1.0;0.5294117647058824;0.7058823529411765;0.7058823529411765;0.5294117647058824;0.5294117647058824;0.5294117647058824;0.7058823529411765;0.5294117647058824;0.5294117647058824;0.7647058823529411;1.0;1.0;1.0;0.5294117647058824;0.6470588235294118; ;537;89;9;439;=439* 100 / 537
HTransition2QInstSIBLING--('ADD_CLASS', 'OUT2', True, 0) - PP3;0.7058823529411765;0.6470588235294118;1.0;0.5294117647058824;0.7058823529411765;0.7058823529411765;0.5294117647058824;0.5294117647058824;0.5294117647058824;0.7058823529411765;0.5294117647058824;0.5294117647058824;0.7647058823529411;1.0;1.0;1.0;0.5294117647058824;0.6470588235294118; ;537;89;9;439;=439* 100 / 537
HTransition2QInstSIBLING--('ADD_CLASS', 'PLUGIN2', True, 0) - PP3;0.7058823529411765;0.6470588235294118;1.0;0.5294117647058824;0.7058823529411765;0.7058823529411765;0.5294117647058824;0.5294117647058824;0.5294117647058824;0.7058823529411765;0.5294117647058824;0.5294117647058824;0.7647058823529411;1.0;1.0;1.0;0.5294117647058824;0.6470588235294118; ;537;89;9;439;=439* 100 / 537
HTransition2QInstSIBLING--('ADD_CLASS', 'Package', True, 0) - PP3;0.7058823529411765;0.6470588235294118;1.0;0.5294117647058824;0.7058823529411765;0.7058823529411765;0.5294117647058824;0.5294117647058824;0.5294117647058824;0.7058823529411765;0.5294117647058824;0.5294117647058824;0.7647058823529411;1.0;1.0;1.0;0.5294117647058824;0.6470588235294118; ;537;89;9;439;=439* 100 / 537
HTransition2QInstSIBLING--('ADD_CLASS', 'PackageContainer', True, 0) - PP3;0.7058823529411765;0.6470588235294118;1.0;0.5294117647058824;0.7058823529411765;0.7058823529411765;0.5294117647058824;0.5294117647058824;0.5294117647058824;0.7058823529411765;0.5294117647058824;0.5294117647058824;0.7647058823529411;1.0;1.0;1.0;0.5294117647058824;0.6470588235294118; ;537;89;9;439;=439* 100 / 537
HTransition2QInstSIBLING--('ADD_CLASS', 'PhysicalThread', True, 0) - PP3;0.7058823529411765;0.6470588235294118;1.0;0.5294117647058824;0.7058823529411765;0.7058823529411765;0.5294117647058824;0.5294117647058824;0.5294117647058824;0.7058823529411765;0.5294117647058824;0.5294117647058824;0.7647058823529411;1.0;1.0;1.0;0.5294117647058824;0.6470588235294118; ;537;89;9;439;=439* 100 / 537
HTransition2QInstSIBLING--('ADD_CLASS', 'Port', True, 0) - PP3;0.7058823529411765;0.6470588235294118;1.0;0.5294117647058824;0.7058823529411765;0.7058823529411765;0.5294117647058824;0.5294117647058824;0.5294117647058824;0.7058823529411765;0.5294117647058824;0.5294117647058824;0.7647058823529411;1.0;1.0;1.0;0.5294117647058824;0.6470588235294118; ;537;89;9;439;=439* 100 / 537
HTransition2QInstSIBLING--('ADD_CLASS', 'PortConnector', True, 0) - PP3;0.7058823529411765;0.6470588235294118;1.0;0.5294117647058824;0.7058823529411765;0.7058823529411765;0.5294117647058824;0.5294117647058824;0.5294117647058824;0.7058823529411765;0.5294117647058824;0.5294117647058824;0.7647058823529411;1.0;1.0;1.0;0.5294117647058824;0.6470588235294118; ;537;89;9;439;=439* 100 / 537
HTransition2QInstSIBLING--('ADD_CLASS', 'PortConnectorRef', True, 0) - PP3;0.7058823529411765;0.6470588235294118;1.0;0.5294117647058824;0.7058823529411765;0.7058823529411765;0.5294117647058824;0.5294117647058824;0.5294117647058824;0.7058823529411765;0.5294117647058824;0.5294117647058824;0.7647058823529411;1.0;1.0;1.0;0.5294117647058824;0.6470588235294118; ;537;89;9;439;=439* 100 / 537
HTransition2QInstSIBLING--('ADD_CLASS', 'PortRef', True, 0) - PP3;0.7058823529411765;0.6470588235294118;1.0;0.5294117647058824;0.7058823529411765;0.7058823529411765;0.5294117647058824;0.5294117647058824;0.5294117647058824;0.7058823529411765;0.5294117647058824;0.5294117647058824;0.7647058823529411;1.0;1.0;1.0;0.5294117647058824;0.6470588235294118; ;537;89;9;439;=439* 100 / 537
HTransition2QInstSIBLING--('ADD_CLASS', 'PortType', True, 0) - PP3;0.7058823529411765;0.6470588235294118;1.0;0.5294117647058824;0.7058823529411765;0.7058823529411765;0.5294117647058824;0.5294117647058824;0.5294117647058824;0.7058823529411765;0.5294117647058824;0.5294117647058824;0.7647058823529411;1.0;1.0;1.0;0.5294117647058824;0.6470588235294118; ;537;89;9;439;=439* 100 / 537
HTransition2QInstSIBLING--('ADD_CLASS', 'Protocol', True, 0) - PP3;0.7058823529411765;0.6470588235294118;1.0;0.5294117647058824;0.7058823529411765;0.7058823529411765;0.5294117647058824;0.5294117647058824;0.5294117647058824;0.7058823529411765;0.5294117647058824;0.5294117647058824;0.7647058823529411;1.0;1.0;1.0;0.5294117647058824;0.6470588235294118; ;537;89;9;439;=439* 100 / 537
HTransition2QInstSIBLING--('ADD_CLASS', 'RoleType', True, 0) - PP3;0.7058823529411765;0.6470588235294118;1.0;0.5294117647058824;0.7058823529411765;0.7058823529411765;0.5294117647058824;0.5294117647058824;0.5294117647058824;0.7058823529411765;0.5294117647058824;0.5294117647058824;0.7647058823529411;1.0;1.0;1.0;0.5294117647058824;0.6470588235294118; ;537;89;9;439;=439* 100 / 537
HTransition2QInstSIBLING--('ADD_CLASS', 'RootElement', True, 0) - PP3;0.7058823529411765;0.6470588235294118;1.0;0.5294117647058824;0.7058823529411765;0.7058823529411765;0.5294117647058824;0.5294117647058824;0.5294117647058824;0.7058823529411765;0.5294117647058824;0.5294117647058824;0.7647058823529411;1.0;1.0;1.0;0.5294117647058824;0.6470588235294118; ;537;89;9;439;=439* 100 / 537
HTransition2QInstSIBLING--('ADD_CLASS', 'SIBLING0', True, 0) - PP3;0.7058823529411765;0.6470588235294118;1.0;0.5294117647058824;0.7058823529411765;0.7058823529411765;0.5294117647058824;0.5294117647058824;0.5294117647058824;0.7058823529411765;0.5294117647058824;0.5294117647058824;0.7647058823529411;1.0;1.0;1.0;0.5294117647058824;0.6470588235294118; ;537;89;9;439;=439* 100 / 537
HTransition2QInstSIBLING--('ADD_CLASS', 'Signal', True, 0) - PP3;0.7058823529411765;0.6470588235294118;1.0;0.5294117647058824;0.7058823529411765;0.7058823529411765;0.5294117647058824;0.5294117647058824;0.5294117647058824;0.7058823529411765;0.5294117647058824;0.5294117647058824;0.7647058823529411;1.0;1.0;1.0;0.5294117647058824;0.6470588235294118; ;537;89;9;439;=439* 100 / 537
HTransition2QInstSIBLING--('ADD_CLASS', 'SignalType', True, 0) - PP3;0.7058823529411765;0.6470588235294118;1.0;0.5294117647058824;0.7058823529411765;0.7058823529411765;0.5294117647058824;0.5294117647058824;0.5294117647058824;0.7058823529411765;0.5294117647058824;0.5294117647058824;0.7647058823529411;1.0;1.0;1.0;0.5294117647058824;0.6470588235294118; ;537;89;9;439;=439* 100 / 537
HTransition2QInstSIBLING--('ADD_CLASS', 'State', True, 0) - PP3;0.7058823529411765;0.6470588235294118;1.0;0.5294117647058824;0.7058823529411765;0.7058823529411765;0.5294117647058824;0.5294117647058824;0.5294117647058824;0.7058823529411765;0.5294117647058824;0.5294117647058824;0.7647058823529411;1.0;1.0;1.0;0.5294117647058824;0.6470588235294118; ;537;89;9;439;=439* 100 / 537
HTransition2QInstSIBLING--('ADD_CLASS', 'StateMachine', True, 0) - PP3;0.7058823529411765;0.6470588235294118;1.0;0.5294117647058824;0.7058823529411765;0.7058823529411765;0.5294117647058824;0.5294117647058824;0.5294117647058824;0.7058823529411765;0.5294117647058824;0.5294117647058824;0.7647058823529411;1.0;1.0;1.0;0.5294117647058824;0.6470588235294118; ;537;89;9;439;=439* 100 / 537
HTransition2QInstSIBLING--('ADD_CLASS', 'StateMachineElement', True, 0) - PP3;0.7058823529411765;0.6470588235294118;1.0;0.5294117647058824;0.7058823529411765;0.7058823529411765;0.5294117647058824;0.5294117647058824;0.5294117647058824;0.7058823529411765;0.5294117647058824;0.5294117647058824;0.7647058823529411;1.0;1.0;1.0;0.5294117647058824;0.6470588235294118; ;537;89;9;439;=439* 100 / 537
HTransition2QInstSIBLING--('ADD_CLASS', 'Thread', True, 0) - PP3;0.7058823529411765;0.6470588235294118;1.0;0.5294117647058824;0.7058823529411765;0.7058823529411765;0.5294117647058824;0.5294117647058824;0.5294117647058824;0.7058823529411765;0.5294117647058824;0.5294117647058824;0.7647058823529411;1.0;1.0;1.0;0.5294117647058824;0.6470588235294118; ;537;89;9;439;=439* 100 / 537
HTransition2QInstSIBLING--('ADD_CLASS', 'TopLevelElement', True, 0) - PP3;0.7058823529411765;0.6470588235294118;1.0;0.5294117647058824;0.7058823529411765;0.7058823529411765;0.5294117647058824;0.5294117647058824;0.5294117647058824;0.7058823529411765;0.5294117647058824;0.5294117647058824;0.7647058823529411;1.0;1.0;1.0;0.5294117647058824;0.6470588235294118; ;537;89;9;439;=439* 100 / 537
HTransition2QInstSIBLING--('ADD_CLASS', 'Transition', True, 0) - PP3;0.7058823529411765;0.6470588235294118;1.0;0.5294117647058824;0.7058823529411765;0.7058823529411765;0.5294117647058824;0.5294117647058824;0.5294117647058824;0.7058823529411765;0.5294117647058824;0.5294117647058824;0.7647058823529411;1.0;1.0;1.0;0.5294117647058824;0.6470588235294118; ;537;89;9;439;=439* 100 / 537
HTransition2QInstSIBLING--('ADD_CLASS', 'TransitionType', True, 0) - PP3;0.7058823529411765;0.6470588235294118;1.0;0.5294117647058824;0.7058823529411765;0.7058823529411765;0.5294117647058824;0.5294117647058824;0.5294117647058824;0.7058823529411765;0.5294117647058824;0.5294117647058824;0.7647058823529411;1.0;1.0;1.0;0.5294117647058824;0.6470588235294118; ;537;89;9;439;=439* 100 / 537
HTransition2QInstSIBLING--('ADD_CLASS', 'Trigger', True, 0) - PP3;0.7058823529411765;0.6470588235294118;1.0;0.5294117647058824;0.7058823529411765;0.7058823529411765;0.5294117647058824;0.5294117647058824;0.5294117647058824;0.7058823529411765;0.5294117647058824;0.5294117647058824;0.7647058823529411;1.0;1.0;1.0;0.5294117647058824;0.6470588235294118; ;537;89;9;439;=439* 100 / 537
HTransition2QInstSIBLING--('ADD_CLASS', 'Vertex', True, 0) - PP3;0.7058823529411765;0.6470588235294118;1.0;0.5294117647058824;0.7058823529411765;0.7058823529411765;0.5294117647058824;0.5294117647058824;0.5294117647058824;0.7058823529411765;0.5294117647058824;0.5294117647058824;0.7647058823529411;1.0;1.0;1.0;0.5294117647058824;0.6470588235294118; ;537;89;9;439;=439* 100 / 537
HTransition2QInstSIBLING--('ADD_CLASS', 'Listen', False, 1) - IF(MM5): THEN(MM5_then);0.11764705882352941;0.11764705882352941;0.35294117647058826;0.11764705882352941;0.17647058823529413;0.11764705882352941;0.11764705882352941;0.11764705882352941;0.11764705882352941;0.11764705882352941;0.11764705882352941;0.17647058823529413;0.11764705882352941;1.0;0.11764705882352941;0.35294117647058826;0.11764705882352941;0.11764705882352941; ;557;549;4;4;=4* 100 / 557
HTransition2QInstSIBLING--('ADD_CLASS', 'LocalDef', False, 1) - IF(MM7): THEN(MM7_then);0.11764705882352941;0.11764705882352941;0.35294117647058826;0.11764705882352941;0.17647058823529413;0.11764705882352941;0.11764705882352941;0.11764705882352941;0.11764705882352941;0.11764705882352941;0.11764705882352941;0.17647058823529413;0.11764705882352941;1.0;0.11764705882352941;0.35294117647058826;0.11764705882352941;0.11764705882352941; ;557;549;4;4;=4* 100 / 557
HTransition2QInstSIBLING--('ADD_CLASS', 'New', False, 1) - IF(MM6): THEN(MM6_then);0.11764705882352941;0.11764705882352941;0.35294117647058826;0.11764705882352941;0.17647058823529413;0.11764705882352941;0.11764705882352941;0.11764705882352941;0.11764705882352941;0.11764705882352941;0.11764705882352941;0.17647058823529413;0.11764705882352941;1.0;0.11764705882352941;0.35294117647058826;0.11764705882352941;0.11764705882352941; ;557;549;4;4;=4* 100 / 557
HTransition2QInstSIBLING--('ADD_CLASS', 'Par', False, 1) - IF(MM11): THEN(MM11_then);0.11764705882352941;0.11764705882352941;0.35294117647058826;0.11764705882352941;0.17647058823529413;0.11764705882352941;0.11764705882352941;0.11764705882352941;0.11764705882352941;0.11764705882352941;0.11764705882352941;0.17647058823529413;0.11764705882352941;1.0;0.11764705882352941;0.35294117647058826;0.11764705882352941;0.11764705882352941; ;557;549;4;4;=4* 100 / 557
HTransition2QInstSIBLING--('ADD_CLASS', 'Seq', False, 1) - IF(MM11): THEN(MM11_then);0.11764705882352941;0.11764705882352941;0.35294117647058826;0.11764705882352941;0.17647058823529413;0.11764705882352941;0.11764705882352941;0.11764705882352941;0.11764705882352941;0.11764705882352941;0.11764705882352941;0.17647058823529413;0.11764705882352941;1.0;0.11764705882352941;0.35294117647058826;0.11764705882352941;0.11764705882352941; ;557;549;4;4;=4* 100 / 557
HTransition2QInstSIBLING--('DELETE_ELEMENT', 8) - PP3;0.7647058823529411;0.7058823529411765;1.0;0.47058823529411764;0.7647058823529411;0.7647058823529411;0.47058823529411764;0.47058823529411764;0.47058823529411764;0.7647058823529411;0.47058823529411764;0.47058823529411764;0.7058823529411765;1.0;1.0;1.0;0.47058823529411764;0.7058823529411765; ;557;99;9;449;=449* 100 / 557
HTransition2QInstSIBLING--('DELETE_ELEMENT', 9) - PP3;0.7647058823529411;0.7058823529411765;1.0;0.47058823529411764;0.7647058823529411;0.7647058823529411;0.47058823529411764;0.47058823529411764;0.47058823529411764;0.7647058823529411;0.47058823529411764;0.47058823529411764;0.7058823529411765;1.0;1.0;1.0;0.47058823529411764;0.7058823529411765; ;557;99;9;449;=449* 100 / 557
HTransition2QInstSIBLING--('DELETE_ELEMENT', 10) - PP3;0.7647058823529411;0.7058823529411765;1.0;0.47058823529411764;0.7647058823529411;0.7647058823529411;0.47058823529411764;0.47058823529411764;0.47058823529411764;0.7647058823529411;0.47058823529411764;0.47058823529411764;0.7058823529411765;1.0;1.0;1.0;0.47058823529411764;0.7058823529411765; ;557;99;9;449;=449* 100 / 557
HTransition2QInstSIBLING--('DELETE_ELEMENT', 11) - PP3;0.7647058823529411;0.7058823529411765;1.0;0.47058823529411764;0.7647058823529411;0.7647058823529411;0.47058823529411764;0.47058823529411764;0.47058823529411764;0.7647058823529411;0.47058823529411764;0.47058823529411764;0.7058823529411765;1.0;1.0;1.0;0.47058823529411764;0.7058823529411765; ;557;99;9;449;=449* 100 / 557
HTransition2QInstSIBLING--('RENAME_CLASS', 8, 'TopLevelElement') - PP3;0.7647058823529411;0.7058823529411765;1.0;0.47058823529411764;0.7647058823529411;0.7647058823529411;0.47058823529411764;0.47058823529411764;0.47058823529411764;0.7647058823529411;0.47058823529411764;0.47058823529411764;0.7058823529411765;1.0;1.0;1.0;0.47058823529411764;0.7058823529411765; ;571;99;9;463;=463* 100 / 571
HTransition2QInstSIBLING--('RENAME_CLASS', 9, 'TopLevelElement') - PP3;0.7647058823529411;0.7058823529411765;1.0;0.47058823529411764;0.7647058823529411;0.7647058823529411;0.47058823529411764;0.47058823529411764;0.47058823529411764;0.7647058823529411;0.47058823529411764;0.47058823529411764;0.7058823529411765;1.0;1.0;1.0;0.47058823529411764;0.7058823529411765; ;571;99;9;463;=463* 100 / 571
HTransition2QInstSIBLING--('RENAME_CLASS', 10, 'TopLevelElement') - PP3;0.7647058823529411;0.7058823529411765;1.0;0.47058823529411764;0.7647058823529411;0.7647058823529411;0.47058823529411764;0.47058823529411764;0.47058823529411764;0.7647058823529411;0.47058823529411764;0.47058823529411764;0.7058823529411765;1.0;1.0;1.0;0.47058823529411764;0.7058823529411765; ;571;99;9;463;=463* 100 / 571
HTransition2QInstSIBLING--('RENAME_CLASS', 11, 'TopLevelElement') - PP3;0.7647058823529411;0.7058823529411765;1.0;0.47058823529411764;0.7647058823529411;0.7647058823529411;0.47058823529411764;0.47058823529411764;0.47058823529411764;0.7647058823529411;0.47058823529411764;0.47058823529411764;0.7058823529411765;1.0;1.0;1.0;0.47058823529411764;0.7058823529411765; ;571;99;9;463;=463* 100 / 571
HConnectOutputsOfExitPoint2BProcDefTransition2QInst--('DELETE_ELEMENT', 3) - IF(MM11): THEN(MM11_then);0.35294117647058826;0.35294117647058826;0.7058823529411765;0.17647058823529413;0.4117647058823529;0.35294117647058826;0.17647058823529413;0.17647058823529413;0.17647058823529413;0.35294117647058826;0.17647058823529413;0.17647058823529413;0.35294117647058826;1.0;0.35294117647058826;0.7058823529411765;0.17647058823529413;0.35294117647058826; ;173;165;7;1;=1* 100 / 173
HConnectOutputsOfExitPoint2BProcDefTransition2QInst--('DELETE_ELEMENT', 9) - IF(MM11): THEN(MM11_then);0.11764705882352941;0.11764705882352941;0.29411764705882354;0.11764705882352941;0.17647058823529413;0.11764705882352941;0.11764705882352941;0.11764705882352941;0.11764705882352941;0.11764705882352941;0.11764705882352941;0.17647058823529413;0.11764705882352941;1.0;0.11764705882352941;0.29411764705882354;0.11764705882352941;0.11764705882352941; ;707;692;7;8;=8* 100 / 707
HTransition2HListenBranch--('DELETE_ELEMENT', 14) - PP1;0.058823529411764705;0.058823529411764705;0.058823529411764705;0.058823529411764705;0.11764705882352941;0.058823529411764705;0.058823529411764705;0.058823529411764705;0.058823529411764705;0.058823529411764705;0.058823529411764705;0.47058823529411764;0.058823529411764705;1.0;0.058823529411764705;0.058823529411764705;0.9411764705882353;0.058823529411764705; ;557;96;96;365;=365* 100 / 557
HTransition2HListenBranch--('DELETE_ELEMENT', 14) - PP2;0.058823529411764705;0.058823529411764705;0.058823529411764705;0.058823529411764705;0.11764705882352941;0.058823529411764705;0.058823529411764705;0.058823529411764705;0.058823529411764705;0.058823529411764705;0.058823529411764705;0.47058823529411764;0.058823529411764705;1.0;0.058823529411764705;0.058823529411764705;0.9411764705882353;0.058823529411764705; ;557;96;96;365;=365* 100 / 557
HTransition2HListenBranch--('DELETE_ELEMENT', 15) - PP1;0.058823529411764705;0.058823529411764705;0.11764705882352941;0.058823529411764705;0.11764705882352941;0.058823529411764705;0.058823529411764705;0.058823529411764705;0.058823529411764705;0.058823529411764705;0.058823529411764705;0.4117647058823529;0.058823529411764705;1.0;0.058823529411764705;0.11764705882352941;0.058823529411764705;0.058823529411764705; ;738;192;90;456;=456* 100 / 738
HTransition2HListenBranch--('DELETE_ELEMENT', 15) - PP2;0.058823529411764705;0.058823529411764705;0.11764705882352941;0.058823529411764705;0.11764705882352941;0.058823529411764705;0.058823529411764705;0.058823529411764705;0.058823529411764705;0.058823529411764705;0.058823529411764705;0.4117647058823529;0.058823529411764705;1.0;0.058823529411764705;0.11764705882352941;0.058823529411764705;0.058823529411764705; ;738;192;90;456;=456* 100 / 738
HTransition2HListenBranch--('DELETE_ELEMENT', 27) - PP1;0.058823529411764705;0.058823529411764705;0.058823529411764705;0.058823529411764705;0.11764705882352941;0.058823529411764705;0.058823529411764705;0.058823529411764705;0.058823529411764705;0.058823529411764705;0.058823529411764705;0.47058823529411764;0.058823529411764705;1.0;0.058823529411764705;0.058823529411764705;0.9411764705882353;0.058823529411764705; ;557;96;96;365;=365* 100 / 557
HTransition2HListenBranch--('DELETE_ELEMENT', 27) - PP2;0.058823529411764705;0.058823529411764705;0.058823529411764705;0.058823529411764705;0.11764705882352941;0.058823529411764705;0.058823529411764705;0.058823529411764705;0.058823529411764705;0.058823529411764705;0.058823529411764705;0.47058823529411764;0.058823529411764705;1.0;0.058823529411764705;0.058823529411764705;0.9411764705882353;0.058823529411764705; ;557;96;96;365;=365* 100 / 557
HTransition2HListenBranch--('RENAME_CLASS', 14, 'TopLevelElement') - PP1;0.058823529411764705;0.058823529411764705;0.058823529411764705;0.058823529411764705;0.11764705882352941;0.058823529411764705;0.058823529411764705;0.058823529411764705;0.058823529411764705;0.058823529411764705;0.058823529411764705;0.47058823529411764;0.058823529411764705;1.0;0.058823529411764705;0.058823529411764705;0.9411764705882353;0.058823529411764705; ;557;96;96;365;=365* 100 / 557
HTransition2HListenBranch--('RENAME_CLASS', 14, 'TopLevelElement') - PP2;0.058823529411764705;0.058823529411764705;0.058823529411764705;0.058823529411764705;0.11764705882352941;0.058823529411764705;0.058823529411764705;0.058823529411764705;0.058823529411764705;0.058823529411764705;0.058823529411764705;0.47058823529411764;0.058823529411764705;1.0;0.058823529411764705;0.058823529411764705;0.9411764705882353;0.058823529411764705; ;557;96;96;365;=365* 100 / 557
HTransition2HListenBranch--('RENAME_CLASS', 15, 'Proc') - PP1;0.11764705882352941;0.11764705882352941;0.35294117647058826;0.058823529411764705;0.11764705882352941;0.11764705882352941;0.11764705882352941;0.058823529411764705;0.058823529411764705;0.11764705882352941;0.058823529411764705;0.47058823529411764;0.11764705882352941;1.0;0.11764705882352941;0.35294117647058826;0.058823529411764705;0.11764705882352941; ;831;288;76;467;=467* 100 / 831
HTransition2HListenBranch--('RENAME_CLASS', 15, 'Proc') - PP2;0.11764705882352941;0.11764705882352941;0.4117647058823529;0.058823529411764705;0.11764705882352941;0.11764705882352941;0.11764705882352941;0.058823529411764705;0.058823529411764705;0.11764705882352941;0.058823529411764705;0.47058823529411764;0.17647058823529413;1.0;0.11764705882352941;0.4117647058823529;0.058823529411764705;0.11764705882352941; ;831;272;56;503;=503* 100 / 831
HTransition2HListenBranch--('RENAME_CLASS', 15, 'TopLevelElement') - PP1;0.058823529411764705;0.058823529411764705;0.11764705882352941;0.058823529411764705;0.11764705882352941;0.058823529411764705;0.058823529411764705;0.058823529411764705;0.058823529411764705;0.058823529411764705;0.058823529411764705;0.4117647058823529;0.058823529411764705;1.0;0.058823529411764705;0.11764705882352941;0.058823529411764705;0.058823529411764705; ;759;200;104;455;=455* 100 / 759
HTransition2HListenBranch--('RENAME_CLASS', 15, 'TopLevelElement') - PP2;0.058823529411764705;0.058823529411764705;0.11764705882352941;0.058823529411764705;0.11764705882352941;0.058823529411764705;0.058823529411764705;0.058823529411764705;0.058823529411764705;0.058823529411764705;0.058823529411764705;0.4117647058823529;0.058823529411764705;1.0;0.058823529411764705;0.11764705882352941;0.058823529411764705;0.11764705882352941; ;759;212;84;463;=463* 100 / 759
HTransition2HListenBranch--('RENAME_ASSOC', 27, 'else') - PP1;0.058823529411764705;0.058823529411764705;0.058823529411764705;0.058823529411764705;0.11764705882352941;0.058823529411764705;0.058823529411764705;0.058823529411764705;0.058823529411764705;0.058823529411764705;0.058823529411764705;0.47058823529411764;0.058823529411764705;1.0;0.058823529411764705;0.058823529411764705;0.9411764705882353;0.058823529411764705; ;557;96;96;365;=365* 100 / 557
HTransition2HListenBranch--('RENAME_ASSOC', 27, 'else') - PP2;0.058823529411764705;0.058823529411764705;0.058823529411764705;0.058823529411764705;0.11764705882352941;0.058823529411764705;0.058823529411764705;0.058823529411764705;0.058823529411764705;0.058823529411764705;0.058823529411764705;0.47058823529411764;0.058823529411764705;1.0;0.058823529411764705;0.058823529411764705;0.9411764705882353;0.058823529411764705; ;557;96;96;365;=365* 100 / 557
HTransition2HListenBranch--('RENAME_ASSOC', 27, 'then') - PP1;0.058823529411764705;0.058823529411764705;0.058823529411764705;0.058823529411764705;0.11764705882352941;0.058823529411764705;0.058823529411764705;0.058823529411764705;0.058823529411764705;0.058823529411764705;0.058823529411764705;0.47058823529411764;0.058823529411764705;1.0;0.058823529411764705;0.058823529411764705;0.9411764705882353;0.058823529411764705; ;557;96;96;365;=365* 100 / 557
HTransition2HListenBranch--('RENAME_ASSOC', 27, 'then') - PP2;0.058823529411764705;0.058823529411764705;0.058823529411764705;0.058823529411764705;0.11764705882352941;0.058823529411764705;0.058823529411764705;0.058823529411764705;0.058823529411764705;0.058823529411764705;0.058823529411764705;0.47058823529411764;0.058823529411764705;1.0;0.058823529411764705;0.058823529411764705;0.9411764705882353;0.058823529411764705; ;557;96;96;365;=365* 100 / 557
HTransition2HListenBranch--('RENAME_ASSOC', 27, 'then') - PP1;0.058823529411764705;0.058823529411764705;0.058823529411764705;0.058823529411764705;0.11764705882352941;0.058823529411764705;0.058823529411764705;0.058823529411764705;0.058823529411764705;0.058823529411764705;0.058823529411764705;0.47058823529411764;0.058823529411764705;1.0;0.058823529411764705;0.058823529411764705;0.9411764705882353;0.058823529411764705; ;557;96;96;365;=365* 100 / 557
HTransition2HListenBranch--('RENAME_ASSOC', 27, 'then') - PP2;0.058823529411764705;0.058823529411764705;0.058823529411764705;0.058823529411764705;0.11764705882352941;0.058823529411764705;0.058823529411764705;0.058823529411764705;0.058823529411764705;0.058823529411764705;0.058823529411764705;0.47058823529411764;0.058823529411764705;1.0;0.058823529411764705;0.058823529411764705;0.9411764705882353;0.058823529411764705; ;557;96;96;365;=365* 100 / 557
HTransition2HListenBranch--('RENAME_ASSOC', 27, 'alternative') - PP1;0.058823529411764705;0.058823529411764705;0.058823529411764705;0.058823529411764705;0.11764705882352941;0.058823529411764705;0.058823529411764705;0.058823529411764705;0.058823529411764705;0.058823529411764705;0.058823529411764705;0.47058823529411764;0.058823529411764705;1.0;0.058823529411764705;0.058823529411764705;0.9411764705882353;0.058823529411764705; ;557;96;96;365;=365* 100 / 557
HTransition2HListenBranch--('RENAME_ASSOC', 27, 'alternative') - PP2;0.058823529411764705;0.058823529411764705;0.058823529411764705;0.058823529411764705;0.11764705882352941;0.058823529411764705;0.058823529411764705;0.058823529411764705;0.058823529411764705;0.058823529411764705;0.058823529411764705;0.47058823529411764;0.058823529411764705;1.0;0.058823529411764705;0.058823529411764705;0.9411764705882353;0.058823529411764705; ;557;96;96;365;=365* 100 / 557
HTransition2HListenBranch--('RENAME_ASSOC', 27, 'proc') - PP1;0.058823529411764705;0.058823529411764705;0.058823529411764705;0.058823529411764705;0.11764705882352941;0.058823529411764705;0.058823529411764705;0.058823529411764705;0.058823529411764705;0.058823529411764705;0.058823529411764705;0.47058823529411764;0.058823529411764705;1.0;0.058823529411764705;0.058823529411764705;0.9411764705882353;0.058823529411764705; ;557;96;96;365;=365* 100 / 557
HTransition2HListenBranch--('RENAME_ASSOC', 27, 'proc') - PP2;0.058823529411764705;0.058823529411764705;0.058823529411764705;0.058823529411764705;0.11764705882352941;0.058823529411764705;0.058823529411764705;0.058823529411764705;0.058823529411764705;0.058823529411764705;0.058823529411764705;0.47058823529411764;0.058823529411764705;1.0;0.058823529411764705;0.058823529411764705;0.9411764705882353;0.058823529411764705; ;557;96;96;365;=365* 100 / 557
HTransition2HListenBranch--('RENAME_ASSOC', 27, 'match') - PP1;0.058823529411764705;0.058823529411764705;0.058823529411764705;0.058823529411764705;0.11764705882352941;0.058823529411764705;0.058823529411764705;0.058823529411764705;0.058823529411764705;0.058823529411764705;0.058823529411764705;0.47058823529411764;0.058823529411764705;1.0;0.058823529411764705;0.058823529411764705;0.9411764705882353;0.058823529411764705; ;557;96;96;365;=365* 100 / 557
HTransition2HListenBranch--('RENAME_ASSOC', 27, 'match') - PP2;0.058823529411764705;0.058823529411764705;0.058823529411764705;0.058823529411764705;0.11764705882352941;0.058823529411764705;0.058823529411764705;0.058823529411764705;0.058823529411764705;0.058823529411764705;0.058823529411764705;0.47058823529411764;0.058823529411764705;1.0;0.058823529411764705;0.058823529411764705;0.9411764705882353;0.058823529411764705; ;557;96;96;365;=365* 100 / 557
HTransition2HListenBranch--('RENAME_ASSOC', 27, 'f') - PP1;0.058823529411764705;0.058823529411764705;0.058823529411764705;0.058823529411764705;0.11764705882352941;0.058823529411764705;0.058823529411764705;0.058823529411764705;0.058823529411764705;0.058823529411764705;0.058823529411764705;0.47058823529411764;0.058823529411764705;1.0;0.058823529411764705;0.058823529411764705;0.9411764705882353;0.058823529411764705; ;557;96;96;365;=365* 100 / 557
HTransition2HListenBranch--('RENAME_ASSOC', 27, 'f') - PP2;0.058823529411764705;0.058823529411764705;0.058823529411764705;0.058823529411764705;0.11764705882352941;0.058823529411764705;0.058823529411764705;0.058823529411764705;0.058823529411764705;0.058823529411764705;0.058823529411764705;0.47058823529411764;0.058823529411764705;1.0;0.058823529411764705;0.058823529411764705;0.9411764705882353;0.058823529411764705; ;557;96;96;365;=365* 100 / 557
HTransition2ListenBranch--('DELETE_ELEMENT', 8) - PP1;0.7647058823529411;0.5294117647058824;0.9411764705882353;0.4117647058823529;0.7647058823529411;0.7647058823529411;0.4117647058823529;0.4117647058823529;0.4117647058823529;0.7647058823529411;0.4117647058823529;0.4117647058823529;0.7058823529411765;1.0;1.0;0.9411764705882353;0.4117647058823529;0.7058823529411765; ;549;96;90;363;=363* 100 / 549
HTransition2ListenBranch--('DELETE_ELEMENT', 8) - PP2;0.7647058823529411;0.5294117647058824;0.9411764705882353;0.4117647058823529;0.7647058823529411;0.7647058823529411;0.4117647058823529;0.4117647058823529;0.4117647058823529;0.7647058823529411;0.4117647058823529;0.4117647058823529;0.7058823529411765;1.0;1.0;0.9411764705882353;0.4117647058823529;0.7058823529411765; ;549;96;90;363;=363* 100 / 549
HTransition2ListenBranch--('DELETE_ELEMENT', 9) - PP1;0.7647058823529411;0.5294117647058824;0.9411764705882353;0.4117647058823529;0.7647058823529411;0.7647058823529411;0.4117647058823529;0.4117647058823529;0.4117647058823529;0.7647058823529411;0.4117647058823529;0.4117647058823529;0.7058823529411765;1.0;1.0;0.9411764705882353;0.4117647058823529;0.7058823529411765; ;552;96;90;366;=366* 100 / 552
HTransition2ListenBranch--('DELETE_ELEMENT', 9) - PP2;0.7647058823529411;0.5294117647058824;0.9411764705882353;0.4117647058823529;0.7647058823529411;0.7647058823529411;0.4117647058823529;0.4117647058823529;0.4117647058823529;0.7647058823529411;0.4117647058823529;0.4117647058823529;0.7058823529411765;1.0;1.0;0.9411764705882353;0.4117647058823529;0.7058823529411765; ;552;96;90;366;=366* 100 / 552
HTransition2ListenBranch--('DELETE_ELEMENT', 14) - PP1;0.7647058823529411;0.5294117647058824;0.9411764705882353;0.4117647058823529;0.7647058823529411;0.7647058823529411;0.4117647058823529;0.4117647058823529;0.4117647058823529;0.7647058823529411;0.4117647058823529;0.4117647058823529;0.7058823529411765;1.0;1.0;0.9411764705882353;0.4117647058823529;0.7058823529411765; ;549;96;90;363;=363* 100 / 549
HTransition2ListenBranch--('DELETE_ELEMENT', 14) - PP2;0.7647058823529411;0.5294117647058824;0.9411764705882353;0.4117647058823529;0.7647058823529411;0.7647058823529411;0.4117647058823529;0.4117647058823529;0.4117647058823529;0.7647058823529411;0.4117647058823529;0.4117647058823529;0.7058823529411765;1.0;1.0;0.9411764705882353;0.4117647058823529;0.7058823529411765; ;549;96;90;363;=363* 100 / 549
HTransition2ListenBranch--('RENAME_CLASS', 8, 'TopLevelElement') - PP1;0.9411764705882353;0.7058823529411765;0.9411764705882353;0.4117647058823529;0.9411764705882353;0.9411764705882353;0.4117647058823529;0.4117647058823529;0.4117647058823529;0.9411764705882353;0.4117647058823529;0.4117647058823529;0.7058823529411765;1.0;1.0;0.9411764705882353;0.4117647058823529;0.8823529411764706; ;557;96;96;365;=365* 100 / 557
HTransition2ListenBranch--('RENAME_CLASS', 8, 'TopLevelElement') - PP2;0.9411764705882353;0.7058823529411765;0.9411764705882353;0.4117647058823529;0.9411764705882353;0.9411764705882353;0.4117647058823529;0.4117647058823529;0.4117647058823529;0.9411764705882353;0.4117647058823529;0.4117647058823529;0.7058823529411765;1.0;1.0;0.9411764705882353;0.4117647058823529;0.8823529411764706; ;557;96;96;365;=365* 100 / 557
HTransition2ListenBranch--('RENAME_CLASS', 9, 'Proc') - PP1;0.058823529411764705;0.058823529411764705;0.4117647058823529;0.058823529411764705;0.11764705882352941;0.058823529411764705;0.058823529411764705;0.058823529411764705;0.058823529411764705;0.058823529411764705;0.058823529411764705;0.47058823529411764;0.17647058823529413;1.0;0.058823529411764705;0.4117647058823529;0.058823529411764705;0.058823529411764705; ;743;272;16;455;=455* 100 / 743
HTransition2ListenBranch--('RENAME_CLASS', 9, 'Proc') - PP2;0.058823529411764705;0.058823529411764705;0.4117647058823529;0.058823529411764705;0.11764705882352941;0.058823529411764705;0.058823529411764705;0.058823529411764705;0.058823529411764705;0.058823529411764705;0.058823529411764705;0.47058823529411764;0.23529411764705882;1.0;0.058823529411764705;0.4117647058823529;0.058823529411764705;0.058823529411764705; ;743;268;20;455;=455* 100 / 743
HTransition2ListenBranch--('RENAME_CLASS', 9, 'TopLevelElement') - PP1;0.058823529411764705;0.058823529411764705;0.11764705882352941;0.058823529411764705;0.11764705882352941;0.058823529411764705;0.058823529411764705;0.058823529411764705;0.058823529411764705;0.058823529411764705;0.058823529411764705;0.4117647058823529;0.058823529411764705;1.0;0.058823529411764705;0.11764705882352941;0.058823529411764705;0.058823529411764705; ;743;204;84;455;=455* 100 / 743
HTransition2ListenBranch--('RENAME_CLASS', 9, 'TopLevelElement') - PP2;0.058823529411764705;0.058823529411764705;0.11764705882352941;0.058823529411764705;0.11764705882352941;0.058823529411764705;0.058823529411764705;0.058823529411764705;0.058823529411764705;0.058823529411764705;0.058823529411764705;0.4117647058823529;0.058823529411764705;1.0;0.058823529411764705;0.11764705882352941;0.058823529411764705;0.058823529411764705; ;743;200;88;455;=455* 100 / 743
HTransition2ListenBranch--('RENAME_ASSOC', 14, 'else') - PP1;0.9411764705882353;0.7058823529411765;0.9411764705882353;0.4117647058823529;0.9411764705882353;0.9411764705882353;0.4117647058823529;0.4117647058823529;0.4117647058823529;0.9411764705882353;0.4117647058823529;0.4117647058823529;0.7058823529411765;1.0;1.0;0.9411764705882353;0.4117647058823529;0.8823529411764706; ;557;96;96;365;=365* 100 / 557
HTransition2ListenBranch--('RENAME_ASSOC', 14, 'else') - PP2;0.9411764705882353;0.7058823529411765;0.9411764705882353;0.4117647058823529;0.9411764705882353;0.9411764705882353;0.4117647058823529;0.4117647058823529;0.4117647058823529;0.9411764705882353;0.4117647058823529;0.4117647058823529;0.7058823529411765;1.0;1.0;0.9411764705882353;0.4117647058823529;0.8823529411764706; ;557;96;96;365;=365* 100 / 557
HTransition2ListenBranch--('RENAME_ASSOC', 14, 'then') - PP1;0.9411764705882353;0.7058823529411765;0.9411764705882353;0.4117647058823529;0.9411764705882353;0.9411764705882353;0.4117647058823529;0.4117647058823529;0.4117647058823529;0.9411764705882353;0.4117647058823529;0.4117647058823529;0.7058823529411765;1.0;1.0;0.9411764705882353;0.4117647058823529;0.8823529411764706; ;557;96;96;365;=365* 100 / 557
HTransition2ListenBranch--('RENAME_ASSOC', 14, 'then') - PP2;0.9411764705882353;0.7058823529411765;0.9411764705882353;0.4117647058823529;0.9411764705882353;0.9411764705882353;0.4117647058823529;0.4117647058823529;0.4117647058823529;0.9411764705882353;0.4117647058823529;0.4117647058823529;0.7058823529411765;1.0;1.0;0.9411764705882353;0.4117647058823529;0.8823529411764706; ;557;96;96;365;=365* 100 / 557
HTransition2ListenBranch--('RENAME_ASSOC', 14, 'then') - PP1;0.9411764705882353;0.7058823529411765;0.9411764705882353;0.4117647058823529;0.9411764705882353;0.9411764705882353;0.4117647058823529;0.4117647058823529;0.4117647058823529;0.9411764705882353;0.4117647058823529;0.4117647058823529;0.7058823529411765;1.0;1.0;0.9411764705882353;0.4117647058823529;0.8823529411764706; ;557;96;96;365;=365* 100 / 557
HTransition2ListenBranch--('RENAME_ASSOC', 14, 'then') - PP2;0.9411764705882353;0.7058823529411765;0.9411764705882353;0.4117647058823529;0.9411764705882353;0.9411764705882353;0.4117647058823529;0.4117647058823529;0.4117647058823529;0.9411764705882353;0.4117647058823529;0.4117647058823529;0.7058823529411765;1.0;1.0;0.9411764705882353;0.4117647058823529;0.8823529411764706; ;557;96;96;365;=365* 100 / 557
HTransition2ListenBranch--('RENAME_ASSOC', 14, 'alternative') - PP1;0.9411764705882353;0.7058823529411765;0.9411764705882353;0.4117647058823529;0.9411764705882353;0.9411764705882353;0.4117647058823529;0.4117647058823529;0.4117647058823529;0.9411764705882353;0.4117647058823529;0.4117647058823529;0.7058823529411765;1.0;1.0;0.9411764705882353;0.4117647058823529;0.8823529411764706; ;557;96;96;365;=365* 100 / 557
HTransition2ListenBranch--('RENAME_ASSOC', 14, 'alternative') - PP2;0.9411764705882353;0.7058823529411765;0.9411764705882353;0.4117647058823529;0.9411764705882353;0.9411764705882353;0.4117647058823529;0.4117647058823529;0.4117647058823529;0.9411764705882353;0.4117647058823529;0.4117647058823529;0.7058823529411765;1.0;1.0;0.9411764705882353;0.4117647058823529;0.8823529411764706; ;557;96;96;365;=365* 100 / 557
HTransition2ListenBranch--('RENAME_ASSOC', 14, 'proc') - PP1;0.9411764705882353;0.7058823529411765;0.9411764705882353;0.4117647058823529;0.9411764705882353;0.9411764705882353;0.4117647058823529;0.4117647058823529;0.4117647058823529;0.9411764705882353;0.4117647058823529;0.4117647058823529;0.7058823529411765;1.0;1.0;0.9411764705882353;0.4117647058823529;0.8823529411764706; ;557;96;96;365;=365* 100 / 557
HTransition2ListenBranch--('RENAME_ASSOC', 14, 'proc') - PP2;0.9411764705882353;0.7058823529411765;0.9411764705882353;0.4117647058823529;0.9411764705882353;0.9411764705882353;0.4117647058823529;0.4117647058823529;0.4117647058823529;0.9411764705882353;0.4117647058823529;0.4117647058823529;0.7058823529411765;1.0;1.0;0.9411764705882353;0.4117647058823529;0.8823529411764706; ;557;96;96;365;=365* 100 / 557
HTransition2ListenBranch--('RENAME_ASSOC', 14, 'match') - PP1;0.9411764705882353;0.7058823529411765;0.9411764705882353;0.4117647058823529;0.9411764705882353;0.9411764705882353;0.4117647058823529;0.4117647058823529;0.4117647058823529;0.9411764705882353;0.4117647058823529;0.4117647058823529;0.7058823529411765;1.0;1.0;0.9411764705882353;0.4117647058823529;0.8823529411764706; ;557;96;96;365;=365* 100 / 557
HTransition2ListenBranch--('RENAME_ASSOC', 14, 'match') - PP2;0.9411764705882353;0.7058823529411765;0.9411764705882353;0.4117647058823529;0.9411764705882353;0.9411764705882353;0.4117647058823529;0.4117647058823529;0.4117647058823529;0.9411764705882353;0.4117647058823529;0.4117647058823529;0.7058823529411765;1.0;1.0;0.9411764705882353;0.4117647058823529;0.8823529411764706; ;557;96;96;365;=365* 100 / 557
HTransition2ListenBranch--('RENAME_ASSOC', 14, 'f') - PP1;0.9411764705882353;0.7058823529411765;0.9411764705882353;0.4117647058823529;0.9411764705882353;0.9411764705882353;0.4117647058823529;0.4117647058823529;0.4117647058823529;0.9411764705882353;0.4117647058823529;0.4117647058823529;0.7058823529411765;1.0;1.0;0.9411764705882353;0.4117647058823529;0.8823529411764706; ;557;96;96;365;=365* 100 / 557
HTransition2ListenBranch--('RENAME_ASSOC', 14, 'f') - PP2;0.9411764705882353;0.7058823529411765;0.9411764705882353;0.4117647058823529;0.9411764705882353;0.9411764705882353;0.4117647058823529;0.4117647058823529;0.4117647058823529;0.9411764705882353;0.4117647058823529;0.4117647058823529;0.7058823529411765;1.0;1.0;0.9411764705882353;0.4117647058823529;0.8823529411764706; ;557;96;96;365;=365* 100 / 557
HRuleConnect2RootElement--('ADD_CLASS', 'Listen', False, 1) - IF(MM5): THEN(MM5_then);0.058823529411764705;0.058823529411764705;0.11764705882352941;0.058823529411764705;0.11764705882352941;0.058823529411764705;0.058823529411764705;0.058823529411764705;0.058823529411764705;0.058823529411764705;0.058823529411764705;0.11764705882352941;0.058823529411764705;1.0;0.058823529411764705;0.11764705882352941;0.058823529411764705;0.058823529411764705; ;557;549;7;1;=1* 100 / 557
HRuleConnect2RootElement--('ADD_CLASS', 'LocalDef', False, 1) - IF(MM7): THEN(MM7_then);0.058823529411764705;0.058823529411764705;0.11764705882352941;0.058823529411764705;0.11764705882352941;0.058823529411764705;0.058823529411764705;0.058823529411764705;0.058823529411764705;0.058823529411764705;0.058823529411764705;0.11764705882352941;0.058823529411764705;1.0;0.058823529411764705;0.11764705882352941;0.058823529411764705;0.058823529411764705; ;557;549;7;1;=1* 100 / 557
HRuleConnect2RootElement--('ADD_CLASS', 'New', False, 1) - IF(MM6): THEN(MM6_then);0.058823529411764705;0.058823529411764705;0.11764705882352941;0.058823529411764705;0.11764705882352941;0.058823529411764705;0.058823529411764705;0.058823529411764705;0.058823529411764705;0.058823529411764705;0.058823529411764705;0.11764705882352941;0.058823529411764705;1.0;0.058823529411764705;0.11764705882352941;0.058823529411764705;0.058823529411764705; ;557;549;7;1;=1* 100 / 557
HRuleConnect2RootElement--('ADD_CLASS', 'Par', False, 1) - IF(MM11): THEN(MM11_then);0.058823529411764705;0.058823529411764705;0.11764705882352941;0.058823529411764705;0.11764705882352941;0.058823529411764705;0.058823529411764705;0.058823529411764705;0.058823529411764705;0.058823529411764705;0.058823529411764705;0.11764705882352941;0.058823529411764705;1.0;0.058823529411764705;0.11764705882352941;0.058823529411764705;0.058823529411764705; ;557;549;7;1;=1* 100 / 557
HRuleConnect2RootElement--('ADD_CLASS', 'Seq', False, 1) - IF(MM11): THEN(MM11_then);0.058823529411764705;0.058823529411764705;0.11764705882352941;0.058823529411764705;0.11764705882352941;0.058823529411764705;0.058823529411764705;0.058823529411764705;0.058823529411764705;0.058823529411764705;0.058823529411764705;0.11764705882352941;0.058823529411764705;1.0;0.058823529411764705;0.11764705882352941;0.058823529411764705;0.058823529411764705; ;557;549;7;1;=1* 100 / 557
